image: RawMap_20211110.pgm
resolution: 0.050000
origin: [-15.594695, -15.583407, 0.000000]
negate: 0
occupied_thresh: 0.65
free_thresh: 0.196

